SM:2023-05-12T19:06:11.7302757Z
LM:2023-05-13T07:14:01.0841071Z
CT:image/jpeg
MA:2592000
CL:10139
