SM:2023-05-12T19:06:11.7302757Z
LM:2023-05-15T19:30:59.6583397Z
CT:image/jpeg
MA:2592000
CL:10139
